-4.999999888241291399e-05 1.568876453965058371e+00 0.000000000000000000e+00 1.000000000000000000e+00 0.000000000000000000e+00 0.000000000000000000e+00 0.000000000000000000e+00 0.000000000000000000e+00 1.000000000000000000e+00 0.000000000000000000e+00 0.000000000000000000e+00 0.000000000000000000e+00 0.000000000000000000e+00 1.000000000000000000e+00 0.000000000000000000e+00 0.000000000000000000e+00 0.000000000000000000e+00 0.000000000000000000e+00 1.000000000000000000e+00
-5.360000133514404574e-03 1.528978172935981927e+00 -1.877974231869530830e-02 9.960832595825195312e-01 4.453937709331512451e-02 7.638335227966308594e-02 7.519474718719720840e-03 -4.297596216201782227e-02 9.988340139389038086e-01 -2.199180983006954193e-02 -7.920988718979060650e-05 -7.727379351854324341e-02 1.862302795052528381e-02 9.968359470367431641e-01 -2.307312795892357826e-03 0.000000000000000000e+00 0.000000000000000000e+00 0.000000000000000000e+00 1.000000000000000000e+00
-1.241000056266784723e-02 1.453824299606163661e+00 -5.176646701231138459e-02 9.852825999259948730e-01 1.292320936918258667e-01 1.118802130222320557e-01 1.882450468838214874e-02 -1.265171766281127930e-01 9.914777874946594238e-01 -3.106509521603584290e-02 -2.949295798316597939e-03 -1.149413585662841797e-01 1.645312830805778503e-02 9.932360053062438965e-01 -5.479082930833101273e-03 0.000000000000000000e+00 0.000000000000000000e+00 0.000000000000000000e+00 1.000000000000000000e+00
-2.068000078201294098e-02 1.302347292069928386e+00 -1.188743730896468648e-01 9.536762833595275879e-01 2.531710267066955566e-01 1.624986678361892700e-01 3.886371850967407227e-02 -2.472240477800369263e-01 9.673286080360412598e-01 -5.617201328277587891e-02 -1.383386366069316864e-02 -1.714107841253280640e-01 1.339633669704198837e-02 9.851084947586059570e-01 -1.202401332557201385e-02 0.000000000000000000e+00 0.000000000000000000e+00 0.000000000000000000e+00 1.000000000000000000e+00
-2.252000093460082911e-02 1.169265936605360601e+00 -1.775523506643375549e-01 9.006613492965698242e-01 3.806948959827423096e-01 2.094763815402984619e-01 5.696696043014526367e-02 -3.683366179466247559e-01 9.246467947959899902e-01 -9.672611206769943237e-02 -3.330587595701217651e-02 -2.305149137973785400e-01 9.959651157259941101e-03 9.730177521705627441e-01 -1.876705326139926910e-02 0.000000000000000000e+00 0.000000000000000000e+00 0.000000000000000000e+00 1.000000000000000000e+00
-1.771999955177307184e-02 1.056133655076304079e+00 -2.258630582342700810e-01 8.417367935180664062e-01 4.834241569042205811e-01 2.403747141361236572e-01 7.136549800634384155e-02 -4.626421630382537842e-01 8.753583431243896484e-01 -1.403910070657730103e-01 -5.712327361106872559e-02 -2.782825231552124023e-01 6.964772474020719528e-03 9.604738950729370117e-01 -2.435223571956157684e-02 0.000000000000000000e+00 0.000000000000000000e+00 0.000000000000000000e+00 1.000000000000000000e+00
-7.919999957084655068e-03 9.763721135864854572e-01 -2.615375824192378573e-01 7.938537001609802246e-01 5.508051514625549316e-01 2.577009797096252441e-01 7.968285679817199707e-02 -5.219031572341918945e-01 8.346164822578430176e-01 -1.761586368083953857e-01 -8.113002777099609375e-02 -3.121106624603271484e-01 5.349176470190286636e-03 9.500306248664855957e-01 -2.841343358159065247e-02 0.000000000000000000e+00 0.000000000000000000e+00 0.000000000000000000e+00 1.000000000000000000e+00
3.089999854564666817e-03 9.288118515222235638e-01 -2.833891021242038177e-01 7.636511325836181641e-01 5.885586738586425781e-01 2.653965055942535400e-01 8.505909144878387451e-02 -5.541766881942749023e-01 8.084425330162048340e-01 -1.982625424861907959e-01 -1.005302742123603821e-01 -3.312471210956573486e-01 4.326776601374149323e-03 9.435341358184814453e-01 -3.139248117804527283e-02 0.000000000000000000e+00 0.000000000000000000e+00 0.000000000000000000e+00 1.000000000000000000e+00
1.269999980926513755e-02 9.031206028023380794e-01 -2.956587846089032690e-01 7.461888790130615234e-01 6.086966395378112793e-01 2.696110606193542480e-01 8.807346224784851074e-02 -5.709041953086853027e-01 7.933941483497619629e-01 -2.111708670854568481e-01 -1.157245039939880371e-01 -3.424470424652099609e-01 3.651162376627326012e-03 9.395300149917602539e-01 -3.292671963572502136e-02 0.000000000000000000e+00 0.000000000000000000e+00 0.000000000000000000e+00 1.000000000000000000e+00
2.092000007629394448e-02 8.881631582769898836e-01 -3.025702868489040798e-01 7.353589534759521484e-01 6.208745241165161133e-01 2.715910375118255615e-01 9.039811789989471436e-02 -5.809054374694824219e-01 7.839019894599914551e-01 -2.191930264234542847e-01 -1.269863247871398926e-01 -3.489924073219299316e-01 3.416701452806591988e-03 9.371194839477539062e-01 -3.398962318897247314e-02 0.000000000000000000e+00 0.000000000000000000e+00 0.000000000000000000e+00 1.000000000000000000e+00
2.697999954223632979e-02 8.808851384919668126e-01 -3.044901263892286214e-01 7.304958105087280273e-01 6.266056299209594727e-01 2.715529799461364746e-01 9.149309247732162476e-02 -5.859016180038452148e-01 7.793295979499816895e-01 -2.221800684928894043e-01 -1.349093765020370483e-01 -3.508487641811370850e-01 3.198140300810337067e-03 9.364268779754638672e-01 -3.436782211065292358e-02 0.000000000000000000e+00 0.000000000000000000e+00 0.000000000000000000e+00 1.000000000000000000e+00
2.364000082015991350e-02 8.785813044119664683e-01 -2.956587846089032690e-01 7.321314215660095215e-01 6.274586319923400879e-01 2.651016116142272949e-01 9.230166673660278320e-02 -5.885176658630371094e-01 7.786422967910766602e-01 -2.176282405853271484e-01 -1.348601281642913818e-01 -3.429722487926483154e-01 3.315349342301487923e-03 9.393398165702819824e-01 -3.463800996541976929e-02 0.000000000000000000e+00 0.000000000000000000e+00 0.000000000000000000e+00 1.000000000000000000e+00
1.919000029563903975e-02 8.743575975021281588e-01 -2.818532238340414886e-01 7.333442568778991699e-01 6.306455135345458984e-01 2.539530694484710693e-01 9.286502003669738770e-02 -5.946212410926818848e-01 7.760645747184753418e-01 -2.101161777973175049e-01 -1.329076886177062988e-01 -3.295929729938507080e-01 3.081508213654160500e-03 9.441184401512145996e-01 -3.405107185244560242e-02 0.000000000000000000e+00 0.000000000000000000e+00 0.000000000000000000e+00 1.000000000000000000e+00
1.065000057220459075e-02 8.624719095571043992e-01 -2.454282042091325833e-01 7.349042296409606934e-01 6.405010819435119629e-01 2.228760421276092529e-01 9.505455940961837769e-02 -6.118721365928649902e-01 7.679516673088073730e-01 -1.893723011016845703e-01 -1.287709921598434448e-01 -2.924513518810272217e-01 2.798733999952673912e-03 9.562765955924987793e-01 -3.063278086483478546e-02 0.000000000000000000e+00 0.000000000000000000e+00 0.000000000000000000e+00 1.000000000000000000e+00
4.800000041723251495e-04 8.417548465422418635e-01 -1.813920630345001728e-01 7.346274256706237793e-01 6.561248898506164551e-01 1.726908236742019653e-01 9.927122294902801514e-02 -6.379880905151367188e-01 7.546479701995849609e-01 -1.532211303710937500e-01 -1.257435232400894165e-01 -2.308531254529953003e-01 2.385656116530299187e-03 9.729859232902526855e-01 -2.447851747274398804e-02 0.000000000000000000e+00 0.000000000000000000e+00 0.000000000000000000e+00 1.000000000000000000e+00
-1.840000003576278652e-03 8.252789341423576452e-01 -1.276882878095890461e-01 7.320584058761596680e-01 6.682710051536560059e-01 1.323028206825256348e-01 1.017059311270713806e-01 -6.570473313331604004e-01 7.439137101173400879e-01 -1.219856813549995422e-01 -1.266919672489166260e-01 -1.799414455890655518e-01 2.371350536122918129e-03 9.836747050285339355e-01 -1.887697540223598480e-02 0.000000000000000000e+00 0.000000000000000000e+00 0.000000000000000000e+00 1.000000000000000000e+00
2.709999978542327725e-03 8.133932461973339967e-01 -9.049532071722056481e-02 7.284641265869140625e-01 6.768385767936706543e-01 1.059671565890312195e-01 1.038306206464767456e-01 -6.694153547286987305e-01 7.361284494400024414e-01 -9.998536854982376099e-02 -1.331070512533187866e-01 -1.456794291734695435e-01 1.899611437693238258e-03 9.893301725387573242e-01 -1.486339047551155090e-02 0.000000000000000000e+00 0.000000000000000000e+00 0.000000000000000000e+00 1.000000000000000000e+00
1.250000000000000069e-02 8.057138214570087609e-01 -6.518804573106495859e-02 7.256411910057067871e-01 6.825196743011474609e-01 8.724197000265121460e-02 1.054184287786483765e-01 -6.772814393043518066e-01 7.308632731437683105e-01 -8.442578464746475220e-02 -1.442890763282775879e-01 -1.213842630386352539e-01 2.175351139158010483e-03 9.926033020019531250e-01 -1.250969246029853821e-02 0.000000000000000000e+00 0.000000000000000000e+00 0.000000000000000000e+00 1.000000000000000000e+00
2.388999938964843708e-02 7.999542029674943100e-01 -4.907865919858130088e-02 7.233495116233825684e-01 6.863814592361450195e-01 7.513757050037384033e-02 1.064155399799346924e-01 -6.823437809944152832e-01 7.272368073463439941e-01 -7.438261061906814575e-02 -1.571558713912963867e-01 -1.056976690888404846e-01 2.534852363169193268e-03 9.943954944610595703e-01 -1.078619062900543213e-02 0.000000000000000000e+00 0.000000000000000000e+00 0.000000000000000000e+00 1.000000000000000000e+00
3.381999969482422236e-02 7.972838513424719276e-01 -4.026474447863912648e-02 7.218787074089050293e-01 6.885835528373718262e-01 6.887172162532806396e-02 1.071860939264297485e-01 -6.851472854614257812e-01 7.251523137092590332e-01 -6.874918937683105469e-02 -1.672914326190948486e-01 -9.728205949068069458e-02 2.441196702420711517e-03 9.952540397644042969e-01 -9.826369583606719971e-03 0.000000000000000000e+00 0.000000000000000000e+00 0.000000000000000000e+00 1.000000000000000000e+00
4.159999847412109569e-02 7.957479397627960083e-01 -3.527310258490874706e-02 7.215322256088256836e-01 6.893225908279418945e-01 6.500118225812911987e-02 1.075154095888137817e-01 -6.862283945083618164e-01 7.244496345520019531e-01 -6.528883427381515503e-02 -1.747632175683975220e-01 -9.209515154361724854e-02 2.502237679436802864e-03 9.957473278045654297e-01 -9.000506252050399780e-03 0.000000000000000000e+00 0.000000000000000000e+00 0.000000000000000000e+00 1.000000000000000000e+00
3.898000001907348661e-02 7.961319675919854566e-01 -2.799508071929110095e-02 7.224091887474060059e-01 6.888629794120788574e-01 5.993793159723281860e-02 1.079006195068359375e-01 -6.862439513206481934e-01 7.248875498771667480e-01 -6.005350127816200256e-02 -1.745940893888473511e-01 -8.481690287590026855e-02 2.251043217256665230e-03 9.963942170143127441e-01 -7.903543300926685333e-03 0.000000000000000000e+00 0.000000000000000000e+00 0.000000000000000000e+00 1.000000000000000000e+00
3.568000078201293696e-02 7.957479397627960083e-01 -1.724385258526267561e-02 7.233034372329711914e-01 6.885787248611450195e-01 5.188076198101043701e-02 1.081861183047294617e-01 -6.865779161453247070e-01 7.251573801040649414e-01 -5.250573530793190002e-02 -1.728605777025222778e-01 -7.377604395151138306e-02 2.357274759560823441e-03 9.972723722457885742e-01 -6.529503501951694489e-03 0.000000000000000000e+00 0.000000000000000000e+00 0.000000000000000000e+00 1.000000000000000000e+00
2.980000019073486550e-02 7.949800172624716943e-01 6.894050732631116021e-03 7.239559888839721680e-01 6.890799403190612793e-01 3.250566869974136353e-02 1.088691502809524536e-01 -6.882369518280029297e-01 7.246810197830200195e-01 -3.415470570325851440e-02 -1.685239821672439575e-01 -4.709153249859809875e-02 2.354779047891497612e-03 9.988880157470703125e-01 -2.491070423275232315e-03 0.000000000000000000e+00 0.000000000000000000e+00 0.000000000000000000e+00 1.000000000000000000e+00
2.085000038146972781e-02 7.930601444326333960e-01 6.019640383733457917e-02 7.232740521430969238e-01 6.904652714729309082e-01 -1.151569467037916183e-02 1.109879836440086365e-01 -6.904307007789611816e-01 7.233605384826660156e-01 7.385316770523786545e-03 -1.614709943532943726e-01 1.342935953289270401e-02 2.609057817608118057e-03 9.999067187309265137e-01 6.800062954425811768e-03 0.000000000000000000e+00 0.000000000000000000e+00 0.000000000000000000e+00 1.000000000000000000e+00
1.222000002861023046e-02 7.911402716027953197e-01 1.445656218095322521e-01 7.188715338706970215e-01 6.914913058280944824e-01 -7.115996628999710083e-02 1.118814498186111450e-01 -6.885163187980651855e-01 7.223786115646362305e-01 6.413924694061279297e-02 -1.564848721027374268e-01 9.575624763965606689e-02 2.886805450543761253e-03 9.954007267951965332e-01 1.524962484836578369e-02 0.000000000000000000e+00 0.000000000000000000e+00 0.000000000000000000e+00 1.000000000000000000e+00
1.233999967575073221e-02 7.896044266021466917e-01 2.024756435943849409e-01 7.128241062164306641e-01 6.927157640457153320e-01 -1.096671968698501587e-01 1.125313639640808105e-01 -6.853556632995605469e-01 7.212025523185729980e-01 1.007669121026992798e-01 -1.563875377178192139e-01 1.488951742649078369e-01 3.331833053380250931e-03 9.888474941253662109e-01 2.080201357603073120e-02 0.000000000000000000e+00 0.000000000000000000e+00 0.000000000000000000e+00 1.000000000000000000e+00
1.891999959945678614e-02 7.892204653519845348e-01 2.442762871691324389e-01 7.065154910087585449e-01 6.941601634025573730e-01 -1.377598047256469727e-01 1.131902337074279785e-01 -6.822174191474914551e-01 7.198123335838317871e-01 1.282540708780288696e-01 -1.585829257965087891e-01 1.881901770830154419e-01 3.368540666997432709e-03 9.821269512176513672e-01 2.615820802748203278e-02 0.000000000000000000e+00 0.000000000000000000e+00 0.000000000000000000e+00 1.000000000000000000e+00
2.940000057220459179e-02 7.892204653519845348e-01 2.730393091140992934e-01 7.023647427558898926e-01 6.941631436347961426e-01 -1.575488001108169556e-01 1.137785762548446655e-01 -6.784584522247314453e-01 7.198076248168945312e-01 1.468690931797027588e-01 -1.680500358343124390e-01 2.153560370206832886e-01 3.734503407031297684e-03 9.765285849571228027e-01 2.725101262331008911e-02 0.000000000000000000e+00 0.000000000000000000e+00 0.000000000000000000e+00 1.000000000000000000e+00
4.056000232696533453e-02 7.884524762726329294e-01 2.906845989038804867e-01 6.986883282661437988e-01 6.956670880317687988e-01 -1.669809520244598389e-01 1.156175509095191956e-01 -6.779943704605102539e-01 7.183513045310974121e-01 1.558675915002822876e-01 -1.703997850418090820e-01 2.283829599618911743e-01 4.309149924665689468e-03 9.735620617866516113e-01 2.989487349987030029e-02 0.000000000000000000e+00 0.000000000000000000e+00 0.000000000000000000e+00 1.000000000000000000e+00
4.991000175476074247e-02 7.892204653519845348e-01 2.994984969790658313e-01 6.982557773590087891e-01 6.944356560707092285e-01 -1.737785190343856812e-01 1.158055514097213745e-01 -6.751904487609863281e-01 7.195441126823425293e-01 1.624003797769546509e-01 -1.837377995252609253e-01 2.378179430961608887e-01 3.936417400836944580e-03 9.713020920753479004e-01 3.018546476960182190e-02 0.000000000000000000e+00 0.000000000000000000e+00 0.000000000000000000e+00 1.000000000000000000e+00
4.806000232696533425e-02 7.934441056827956640e-01 2.910685601540426437e-01 7.043182849884033203e-01 6.898539662361145020e-01 -1.674458682537078857e-01 1.158488467335700989e-01 -6.721798777580261230e-01 7.239411473274230957e-01 1.551865339279174805e-01 -1.837976574897766113e-01 2.282770276069641113e-01 3.252861788496375084e-03 9.735910892486572266e-01 2.989044785499572754e-02 0.000000000000000000e+00 0.000000000000000000e+00 0.000000000000000000e+00 1.000000000000000000e+00
4.497000217437744501e-02 8.026419982976568113e-01 2.753431431940995822e-01 7.139058113098144531e-01 6.824340224266052246e-01 -1.569178253412246704e-01 1.152936741709709167e-01 -6.677057743072509766e-01 7.309357523918151855e-01 1.410720050334930420e-01 -1.774008274078369141e-01 2.109692245721817017e-01 4.062651190906763077e-03 9.774845838546752930e-01 2.928714826703071594e-02 0.000000000000000000e+00 0.000000000000000000e+00 0.000000000000000000e+00 1.000000000000000000e+00
3.986999988555908064e-02 8.214391884826812706e-01 2.438923092742134591e-01 7.331592440605163574e-01 6.667682528495788574e-01 -1.337842494249343872e-01 1.142212599515914917e-01 -6.568449139595031738e-01 7.452550530433654785e-01 1.146681904792785645e-01 -1.649573743343353271e-01 1.761605590581893921e-01 3.805284155532717705e-03 9.843541383743286133e-01 2.598970010876655579e-02 0.000000000000000000e+00 0.000000000000000000e+00 0.000000000000000000e+00 1.000000000000000000e+00
3.203000068664550726e-02 8.605520367272663229e-01 1.794722068494188638e-01 7.331592440605163574e-01 6.667682528495788574e-01 -1.337842494249343872e-01 1.142212599515914917e-01 -6.568449139595031738e-01 7.452550530433654785e-01 1.146681904792785645e-01 -1.649573743343353271e-01 1.761605590581893921e-01 3.805284155532717705e-03 9.843541383743286133e-01 2.598970010876655579e-02 0.000000000000000000e+00 0.000000000000000000e+00 0.000000000000000000e+00 1.000000000000000000e+00
2.190000057220458859e-02 9.364913428415760910e-01 5.291838405231153591e-02 8.188476562500000000e-01 5.736721158027648926e-01 1.973708160221576691e-02 9.966079890727996826e-02 -5.733801126480102539e-01 8.190747499465942383e-01 -1.873338408768177032e-02 -1.087443754076957703e-01 -2.691296488046646118e-02 4.022751469165086746e-03 9.996299147605895996e-01 3.437588457018136978e-03 0.000000000000000000e+00 0.000000000000000000e+00 0.000000000000000000e+00 1.000000000000000000e+00
1.873000025749206598e-02 1.010109304591718216e+00 -6.787585354479504229e-02 8.479323983192443848e-01 5.172073245048522949e-01 1.162230074405670166e-01 8.924371749162673950e-02 -5.116453766822814941e-01 8.558461666107177734e-01 -7.579851150512695312e-02 -9.166182577610015869e-02 -1.386726200580596924e-01 4.806869663298130035e-03 9.903268218040466309e-01 -7.667840924113988876e-03 0.000000000000000000e+00 0.000000000000000000e+00 0.000000000000000000e+00 1.000000000000000000e+00
2.299000024795532296e-02 1.056901577576628393e+00 -1.476373950346137331e-01 8.579178452491760254e-01 4.792352020740509033e-01 1.852327585220336914e-01 8.015560358762741089e-02 -4.670457243919372559e-01 8.776671290397644043e-01 -1.075540110468864441e-01 -8.646137267351150513e-02 -2.141164988279342651e-01 5.760157015174627304e-03 9.767915010452270508e-01 -1.554256584495306015e-02 0.000000000000000000e+00 0.000000000000000000e+00 0.000000000000000000e+00 1.000000000000000000e+00
3.562999963760376393e-02 1.098318259901213789e+00 -2.147453094343275970e-01 8.615136146545410156e-01 4.505544006824493408e-01 2.340847551822662354e-01 7.381974905729293823e-02 -4.329273998737335205e-01 8.927261829376220703e-01 -1.249517723917961121e-01 -8.723533153533935547e-02 -2.652713656425476074e-01 6.305768620222806931e-03 9.641537070274353027e-01 -2.051555365324020386e-02 0.000000000000000000e+00 0.000000000000000000e+00 0.000000000000000000e+00 1.000000000000000000e+00
4.684999942779541349e-02 1.117883439165589854e+00 -2.469640824992948847e-01 8.619795441627502441e-01 4.321638941764831543e-01 2.650024592876434326e-01 6.922949105501174927e-02 -4.107760488986968994e-01 9.017671942710876465e-01 -1.344557702541351318e-01 -9.372553229331970215e-02 -2.970776259899139404e-01 7.041276898235082626e-03 9.548279643058776855e-01 -2.349818497896194458e-02 0.000000000000000000e+00 0.000000000000000000e+00 0.000000000000000000e+00 1.000000000000000000e+00
5.551000118255615401e-02 1.127849254280775426e+00 -2.638414164992381461e-01 8.614758253097534180e-01 4.228546619415283203e-01 2.811653614044189453e-01 6.702248752117156982e-02 -3.994722068309783936e-01 9.061675071716308594e-01 -1.388575732707977295e-01 -1.004002764821052551e-01 -3.134997487068176270e-01 7.304497994482517242e-03 9.495607018470764160e-01 -2.494833245873451233e-02 0.000000000000000000e+00 0.000000000000000000e+00 0.000000000000000000e+00 1.000000000000000000e+00
5.363999843597411915e-02 1.127849254280775426e+00 -2.607696432741566928e-01 8.627818822860717773e-01 4.221885502338409424e-01 2.781462073326110840e-01 6.658020615577697754e-02 -3.992535173892974854e-01 9.064761996269226074e-01 -1.374660432338714600e-01 -1.005301177501678467e-01 -3.101697564125061035e-01 7.552159018814563751e-03 9.506518840789794922e-01 -2.515377849340438843e-02 0.000000000000000000e+00 0.000000000000000000e+00 0.000000000000000000e+00 1.000000000000000000e+00
5.076000213623046986e-02 1.129001071452234717e+00 -2.542421189290747785e-01 8.649061918258666992e-01 4.210436940193176270e-01 2.732413113117218018e-01 6.632403284311294556e-02 -3.990525901317596436e-01 9.070107340812683105e-01 -1.344915479421615601e-01 -9.862725436687469482e-02 -3.044599294662475586e-01 7.284692022949457169e-03 9.524980783462524414e-01 -2.534761652350425720e-02 0.000000000000000000e+00 0.000000000000000000e+00 0.000000000000000000e+00 1.000000000000000000e+00
4.636000156402587946e-02 1.130537049610937927e+00 -2.431243701291322945e-01 8.688520193099975586e-01 4.189583957195281982e-01 2.637639343738555908e-01 6.618764251470565796e-02 -3.985221982002258301e-01 9.079751968383789062e-01 -1.294625103473663330e-01 -9.445692598819732666e-02 -2.937308549880981445e-01 7.367750629782676697e-03 9.558604359626770020e-01 -2.508919872343540192e-02 0.000000000000000000e+00 0.000000000000000000e+00 0.000000000000000000e+00 1.000000000000000000e+00
3.858999967575073298e-02 1.135528612442073371e+00 -2.182010605543280302e-01 8.772305250167846680e-01 4.146122038364410400e-01 2.420015633106231689e-01 6.634649634361267090e-02 -3.974923491477966309e-01 9.099674820899963379e-01 -1.181467175483703613e-01 -8.636739104986190796e-02 -2.691988945007324219e-01 7.447917014360427856e-03 9.630565643310546875e-01 -2.332336828112602234e-02 0.000000000000000000e+00 0.000000000000000000e+00 0.000000000000000000e+00 1.000000000000000000e+00
2.842000007629394420e-02 1.145110532886123966e+00 -1.668185631145572279e-01 8.914602994918823242e-01 4.064223468303680420e-01 2.003028839826583862e-01 6.675814092159271240e-02 -3.946965634822845459e-01 9.136534333229064941e-01 -9.721957892179489136e-02 -7.646729797124862671e-02 -2.225198745727539062e-01 7.608322426676750183e-03 9.748993515968322754e-01 -1.852179318666458130e-02 0.000000000000000000e+00 0.000000000000000000e+00 0.000000000000000000e+00 1.000000000000000000e+00
2.476000070571899442e-02 1.154692320172120201e+00 -1.200262901296470092e-01 9.042195081710815430e-01 3.968644440174102783e-01 1.577580571174621582e-01 6.699794530868530273e-02 -3.895283043384552002e-01 9.178458452224731445e-01 -7.633052766323089600e-02 -7.214137911796569824e-02 -1.750906854867935181e-01 7.568116765469312668e-03 9.845240712165832520e-01 -1.350771542638540268e-02 0.000000000000000000e+00 0.000000000000000000e+00 0.000000000000000000e+00 1.000000000000000000e+00
2.842999935150146429e-02 1.161219861161958855e+00 -8.550368298467939110e-02 9.116035103797912598e-01 3.911297321319580078e-01 1.264857500791549683e-01 6.716343015432357788e-02 -3.862116932868957520e-01 9.203008413314819336e-01 -6.234360858798027039e-02 -7.288467884063720703e-02 -1.407895833253860474e-01 7.982175797224044800e-03 9.900082945823669434e-01 -9.755907580256462097e-03 0.000000000000000000e+00 0.000000000000000000e+00 0.000000000000000000e+00 1.000000000000000000e+00
3.756999969482421875e-02 1.165810085616819203e+00 -6.058037757106436716e-02 9.162636995315551758e-01 3.867618441581726074e-01 1.042981743812561035e-01 6.726604700088500977e-02 -3.832285702228546143e-01 9.221408963203430176e-01 -5.283882096409797668e-02 -8.081529289484024048e-02 -1.166138947010040283e-01 8.444041013717651367e-03 9.931424856185913086e-01 -7.018371950834989548e-03 0.000000000000000000e+00 0.000000000000000000e+00 0.000000000000000000e+00 1.000000000000000000e+00
4.927999973297119557e-02 1.169265936605360601e+00 -4.447099103858070945e-02 9.188339114189147949e-01 3.840394020080566406e-01 9.088506549596786499e-02 6.735946238040924072e-02 -3.812537491321563721e-01 9.232776761054992676e-01 -4.694537445902824402e-02 -9.095364063978195190e-02 -1.019412428140640259e-01 8.484512567520141602e-03 9.947551488876342773e-01 -5.387337878346443176e-03 0.000000000000000000e+00 0.000000000000000000e+00 0.000000000000000000e+00 1.000000000000000000e+00
5.839000225067138977e-02 1.170801781606009451e+00 -3.604105005236831610e-02 9.201862215995788574e-01 3.826929628849029541e-01 8.249639719724655151e-02 6.741718202829360962e-02 -3.802915513515472412e-01 9.238332509994506836e-01 -4.371029138565063477e-02 -9.991765022277832031e-02 -9.294075518846511841e-02 8.848713710904121399e-03 9.956333637237548828e-01 -4.309598822146654129e-03 0.000000000000000000e+00 0.000000000000000000e+00 0.000000000000000000e+00 1.000000000000000000e+00
5.651999950408935491e-02 1.170801781606009451e+00 -3.104940815863793668e-02 9.209148883819580078e-01 3.817968666553497314e-01 7.841473072767257690e-02 6.745512783527374268e-02 -3.796016573905944824e-01 9.242050647735595703e-01 -4.180562496185302734e-02 -1.000370904803276062e-01 -8.843278139829635620e-02 8.732852526009082794e-03 9.960449337959289551e-01 -3.455225145444273949e-03 0.000000000000000000e+00 0.000000000000000000e+00 0.000000000000000000e+00 1.000000000000000000e+00
5.381000041961669922e-02 1.170801781606009451e+00 -2.377138421242568772e-02 9.218868613243103027e-01 3.809752166271209717e-01 7.060137391090393066e-02 6.750216335058212280e-02 -3.791100382804870605e-01 9.245426058769226074e-01 -3.869162499904632568e-02 -9.898966550827026367e-02 -8.001477271318435669e-02 8.903400041162967682e-03 9.967550635337829590e-01 -2.430358668789267540e-03 0.000000000000000000e+00 0.000000000000000000e+00 0.000000000000000000e+00 1.000000000000000000e+00
4.961999893188476923e-02 1.171185676277144205e+00 -9.197885332780063317e-03 9.229308366775512695e-01 3.806757032871246338e-01 5.732911452651023865e-02 6.770463287830352783e-02 -3.793397247791290283e-01 9.246673583984375000e-01 -3.304659575223922729e-02 -9.588012099266052246e-02 -6.559063494205474854e-02 8.752313442528247833e-03 9.978094100952148438e-01 -6.682677194476127625e-04 0.000000000000000000e+00 0.000000000000000000e+00 0.000000000000000000e+00 1.000000000000000000e+00
4.275000095367431641e-02 1.170801781606009451e+00 2.069960474556042235e-02 9.246088266372680664e-01 3.800472021102905273e-01 2.578054182231426239e-02 6.813940405845642090e-02 -3.796187937259674072e-01 9.249258041381835938e-01 -2.005598321557044983e-02 -8.952020108699798584e-02 -3.146754577755928040e-02 8.756954222917556763e-03 9.994675517082214355e-01 4.350962582975625992e-03 0.000000000000000000e+00 0.000000000000000000e+00 0.000000000000000000e+00 1.000000000000000000e+00
3.247999906539916770e-02 1.173489576936171952e+00 8.780751706467969375e-02 9.250823259353637695e-01 3.776178061962127686e-01 -4.036741331219673157e-02 6.847069412469863892e-02 -3.776827752590179443e-01 9.259138703346252441e-01 6.301959510892629623e-03 -8.077140152454376221e-02 3.975623846054077148e-02 9.416033513844013214e-03 9.991662502288818359e-01 1.313348859548568726e-02 0.000000000000000000e+00 0.000000000000000000e+00 0.000000000000000000e+00 1.000000000000000000e+00
2.713000059127807645e-02 1.173489576936171952e+00 1.618269337043944656e-01 9.201489686965942383e-01 3.771440386772155762e-01 -1.053111031651496887e-01 7.000841200351715088e-02 -3.758456110954284668e-01 9.261061549186706543e-01 3.268407657742500305e-02 -7.733856886625289917e-02 1.098556146025657654e-01 9.506275877356529236e-03 9.939034581184387207e-01 1.988531835377216339e-02 0.000000000000000000e+00 0.000000000000000000e+00 0.000000000000000000e+00 1.000000000000000000e+00
2.898000001907348813e-02 1.173489576936171952e+00 2.220407895692474709e-01 9.126504063606262207e-01 3.770577907562255859e-01 -1.577939242124557495e-01 7.017997652292251587e-02 -3.733044564723968506e-01 9.261396527290344238e-01 5.394507199525833130e-02 -7.807378470897674561e-02 1.664793491363525391e-01 9.671976789832115173e-03 9.859989285469055176e-01 2.571449056267738342e-02 0.000000000000000000e+00 0.000000000000000000e+00 0.000000000000000000e+00 1.000000000000000000e+00
3.677000045776367132e-02 1.173489576936171952e+00 2.550100580741558876e-01 9.065990447998046875e-01 3.777380287647247314e-01 -1.881340593099594116e-01 7.056780904531478882e-02 -3.720243871212005615e-01 9.258593320846557617e-01 6.620678305625915527e-02 -8.519958704710006714e-02 1.991941779851913452e-01 9.967241436243057251e-03 9.799106717109680176e-01 2.857674658298492432e-02 0.000000000000000000e+00 0.000000000000000000e+00 0.000000000000000000e+00 1.000000000000000000e+00
4.830999851226806807e-02 1.173873604765361289e+00 2.795668334591811521e-01 9.022060632705688477e-01 3.774025142192840576e-01 -2.087906748056411743e-01 7.073797285556793213e-02 -3.700837790966033936e-01 9.259963035583496094e-01 7.462953776121139526e-02 -9.619181603193283081e-02 2.215045094490051270e-01 9.938605129718780518e-03 9.751098752021789551e-01 3.126779571175575256e-02 0.000000000000000000e+00 0.000000000000000000e+00 0.000000000000000000e+00 1.000000000000000000e+00
5.882999897003173689e-02 1.173489576936171952e+00 2.945243112740431046e-01 8.998662233352661133e-01 3.768121004104614258e-01 -2.196712344884872437e-01 7.098013907670974731e-02 -3.686027824878692627e-01 9.262359738349914551e-01 7.886403053998947144e-02 -1.058882027864456177e-01 2.331840693950653076e-01 1.000413578003644943e-02 9.723822474479675293e-01 3.156225755810737610e-02 0.000000000000000000e+00 0.000000000000000000e+00 0.000000000000000000e+00 1.000000000000000000e+00
5.711999893188476896e-02 1.178463829220221859e+00 2.856929362042041065e-01 9.032698273658752441e-01 3.722025454044342041e-01 -2.134735137224197388e-01 7.109881192445755005e-02 -3.647626638412475586e-01 9.280942678451538086e-01 7.476544380187988281e-02 -1.059565842151641846e-01 2.259512245655059814e-01 1.033360324800014496e-02 9.740848541259765625e-01 3.130721673369407654e-02 0.000000000000000000e+00 0.000000000000000000e+00 0.000000000000000000e+00 1.000000000000000000e+00
5.455999851226806668e-02 1.185759292710384827e+00 2.734232870090183010e-01 9.091045856475830078e-01 3.642880022525787354e-01 -2.020522803068161011e-01 7.046262919902801514e-02 -3.580319881439208984e-01 9.312275052070617676e-01 6.803663820028305054e-02 -1.035891994833946228e-01 2.129413634538650513e-01 1.048856507986783981e-02 9.770097732543945312e-01 3.026498667895793915e-02 0.000000000000000000e+00 0.000000000000000000e+00 0.000000000000000000e+00 1.000000000000000000e+00
5.045000076293945646e-02 1.198796797826867877e+00 2.500358723691331608e-01 9.194628000259399414e-01 3.496927917003631592e-01 -1.797369271516799927e-01 6.866168230772018433e-02 -3.453402519226074219e-01 9.368048906326293945e-01 5.600917339324951172e-02 -9.754934161901473999e-02 1.879642903804779053e-01 1.057186350226402283e-02 9.821199774742126465e-01 2.808132953941822052e-02 0.000000000000000000e+00 0.000000000000000000e+00 0.000000000000000000e+00 1.000000000000000000e+00
4.394000053405761747e-02 1.229863770365132725e+00 2.024756435943849409e-01 9.403486847877502441e-01 3.155072927474975586e-01 -1.272859275341033936e-01 6.571681052446365356e-02 -3.141599893569946289e-01 9.488620162010192871e-01 3.105919063091278076e-02 -8.201278001070022583e-02 1.305760145187377930e-01 1.078150421380996704e-02 9.913806915283203125e-01 1.924520544707775116e-02 0.000000000000000000e+00 0.000000000000000000e+00 0.000000000000000000e+00 1.000000000000000000e+00
3.345999956130981529e-02 1.297355596080738138e+00 9.318313269213986116e-02 9.672308564186096191e-01 2.523806989192962646e-01 -2.776579745113849640e-02 5.341328307986259460e-02 -2.526142001152038574e-01 9.675534367561340332e-01 -5.185825750231742859e-03 -6.188461557030677795e-02 2.555596642196178436e-02 1.202976331114768982e-02 9.996021389961242676e-01 6.240655668079853058e-03 0.000000000000000000e+00 0.000000000000000000e+00 0.000000000000000000e+00 1.000000000000000000e+00
2.746999979019165011e-02 1.374446785945534488e+00 -3.373721389177341407e-02 9.792484045028686523e-01 1.788752526044845581e-01 9.528380632400512695e-02 3.745872527360916138e-02 -1.768060177564620972e-01 9.837946295738220215e-01 -2.980543300509452820e-02 -4.503224417567253113e-02 -9.907121211290359497e-02 1.234001945704221725e-02 9.950050115585327148e-01 -6.165091414004564285e-03 0.000000000000000000e+00 0.000000000000000000e+00 0.000000000000000000e+00 1.000000000000000000e+00
2.977999925613403209e-02 1.430803402511300781e+00 -1.250179361845665804e-01 9.752142429351806641e-01 1.251917183399200439e-01 1.824469715356826782e-01 2.477261610329151154e-02 -1.207192540168762207e-01 9.920533895492553711e-01 -3.546332567930221558e-02 -4.040046036243438721e-02 -1.854368448257446289e-01 1.255933661013841629e-02 9.825771450996398926e-01 -1.473308540880680084e-02 0.000000000000000000e+00 0.000000000000000000e+00 0.000000000000000000e+00 1.000000000000000000e+00
3.799999952316284596e-02 1.470701683540377447e+00 -1.909739335442802999e-01 9.656714200973510742e-01 8.708137273788452148e-02 2.447410970926284790e-01 1.505852583795785904e-02 -8.128982782363891602e-02 9.961214065551757812e-01 -3.368777781724929810e-02 -4.146744310855865479e-02 -2.467253953218460083e-01 1.263621170073747635e-02 9.690043926239013672e-01 -2.066022902727127075e-02 0.000000000000000000e+00 0.000000000000000000e+00 0.000000000000000000e+00 1.000000000000000000e+00
5.011000156402588279e-02 1.500983156715123279e+00 -2.362303115942714082e-01 9.566698074340820312e-01 6.056419759988784790e-02 2.848115265369415283e-01 8.375877514481544495e-03 -5.457463860511779785e-02 9.980908632278442383e-01 -2.892821654677391052e-02 -4.830674454569816589e-02 -2.860197424888610840e-01 1.213110983371734619e-02 9.581483602523803711e-01 -2.413607761263847351e-02 0.000000000000000000e+00 0.000000000000000000e+00 0.000000000000000000e+00 1.000000000000000000e+00
6.094999790191650557e-02 1.516324562490634076e+00 -2.611536211690756448e-01 9.509887099266052246e-01 4.704236239194869995e-02 3.056307435035705566e-01 5.161039531230926514e-03 -4.117625206708908081e-02 9.988237619400024414e-01 -2.561685629189014435e-02 -5.554996058344841003e-02 -3.064763545989990234e-01 1.177645660936832428e-02 9.518068432807922363e-01 -2.588922157883644104e-02 0.000000000000000000e+00 0.000000000000000000e+00 0.000000000000000000e+00 1.000000000000000000e+00
5.948999881744385099e-02 1.516708590319823413e+00 -2.580818312992373409e-01 9.521498084068298340e-01 4.616599902510643005e-02 3.021290600299835205e-01 4.986557643860578537e-03 -4.029076918959617615e-02 9.988589286804199219e-01 -2.565426565706729889e-02 -5.572362244129180908e-02 -3.029687106609344482e-01 1.225353498011827469e-02 9.529231190681457520e-01 -2.645530179142951965e-02 0.000000000000000000e+00 0.000000000000000000e+00 0.000000000000000000e+00 1.000000000000000000e+00
5.682000160217285517e-02 1.517476512820147505e+00 -2.534741631392367633e-01 9.539033770561218262e-01 4.432686790823936462e-02 2.968267500400543213e-01 4.844159353524446487e-03 -3.858811408281326294e-02 9.989386796951293945e-01 -2.516927942633628845e-02 -5.465094745159149170e-02 -2.976274192333221436e-01 1.255491841584444046e-02 9.546009302139282227e-01 -2.671137265861034393e-02 0.000000000000000000e+00 0.000000000000000000e+00 0.000000000000000000e+00 1.000000000000000000e+00
5.322999954223633229e-02 1.519012357820796355e+00 -2.450442263142136035e-01 9.564514756202697754e-01 4.217483475804328918e-02 2.888333797454833984e-01 4.687794484198093414e-03 -3.676011413335800171e-02 9.990327954292297363e-01 -2.414958551526069641e-02 -5.155995115637779236e-02 -2.895725667476654053e-01 1.248019747436046600e-02 9.570760726928710938e-01 -2.678751572966575623e-02 0.000000000000000000e+00 0.000000000000000000e+00 0.000000000000000000e+00 1.000000000000000000e+00
4.647999763488769309e-02 1.522852103480472730e+00 -2.262470361291890331e-01 9.623935818672180176e-01 3.774021938443183899e-02 2.690300643444061279e-01 4.569114651530981064e-03 -3.298520669341087341e-02 9.992102384567260742e-01 -2.217631973326206207e-02 -4.438152164220809937e-02 -2.696546018123626709e-01 1.246817409992218018e-02 9.628777503967285156e-01 -2.568816207349300385e-02 0.000000000000000000e+00 0.000000000000000000e+00 0.000000000000000000e+00 1.000000000000000000e+00
3.703000068664551170e-02 1.530898045765819893e+00 -1.875181824242798667e-01 9.736698865890502930e-01 2.872167155146598816e-02 2.261530309915542603e-01 4.695586394518613815e-03 -2.519886381924152374e-02 9.995126724243164062e-01 -1.845095492899417877e-02 -3.316073864698410034e-02 -2.265728563070297241e-01 1.226617768406867981e-02 9.739182591438293457e-01 -2.125789411365985870e-02 0.000000000000000000e+00 0.000000000000000000e+00 0.000000000000000000e+00 1.000000000000000000e+00
3.006999969482421903e-02 1.542417282744848572e+00 -1.330639034370491858e-01 9.839379787445068359e-01 1.862639375030994415e-02 1.775449961423873901e-01 4.678084049373865128e-03 -1.600960455834865570e-02 9.997417330741882324e-01 -1.616244763135910034e-02 -2.683836780488491058e-02 -1.778002977371215820e-01 1.306026149541139603e-02 9.839810132980346680e-01 -1.671170815825462341e-02 0.000000000000000000e+00 0.000000000000000000e+00 0.000000000000000000e+00 1.000000000000000000e+00
3.130000114440917997e-02 1.550463225030195957e+00 -9.395107183722102573e-02 9.900006651878356934e-01 1.069174613803625107e-02 1.406678557395935059e-01 4.336619749665260315e-03 -8.628780022263526917e-03 9.998466372489929199e-01 -1.527032349258661270e-02 -2.679777704179286957e-02 -1.408096700906753540e-01 1.390368305146694183e-02 9.899402260780334473e-01 -1.234851777553558350e-02 0.000000000000000000e+00 0.000000000000000000e+00 0.000000000000000000e+00 1.000000000000000000e+00
3.882999897003173995e-02 1.555838815690520960e+00 -6.825982727852482335e-02 9.932612776756286621e-01 5.673598032444715500e-03 1.157696619629859924e-01 4.247769713401794434e-03 -4.055221565067768097e-03 9.998912811279296875e-01 -1.421373523771762848e-02 -3.252008557319641113e-02 -1.158378869295120239e-01 1.364833116531372070e-02 9.931755065917968750e-01 -9.569551795721054077e-03 0.000000000000000000e+00 0.000000000000000000e+00 0.000000000000000000e+00 1.000000000000000000e+00
5.037000179290771623e-02 1.560045145474246775e+00 -4.907865919858130088e-02 9.949824810028076172e-01 1.442494802176952362e-03 1.000517085194587708e-01 4.188104998320341110e-03 -5.198865619604475796e-05 9.999036788940429688e-01 -1.390341389924287796e-02 -4.259537532925605774e-02 -1.000623330473899841e-01 1.382830645889043808e-02 9.948862195014953613e-01 -7.598572876304388046e-03 0.000000000000000000e+00 0.000000000000000000e+00 0.000000000000000000e+00 1.000000000000000000e+00
6.097000122070312528e-02 1.562348912975219717e+00 -3.911282743863897515e-02 9.958935976028442383e-01 -5.305203376337885857e-04 9.054420143365859985e-02 4.162829834967851639e-03 1.822092453949153423e-03 9.998981356620788574e-01 -1.418728660792112350e-02 -5.139019712805747986e-02 -9.052763879299163818e-02 1.429385971277952194e-02 9.957925677299499512e-01 -6.372747011482715607e-03 0.000000000000000000e+00 0.000000000000000000e+00 0.000000000000000000e+00 1.000000000000000000e+00
5.920000076293945729e-02 1.561965018304084740e+00 -3.412118762550319512e-02 9.963430762290954590e-01 -9.546139044687151909e-04 8.545358479022979736e-02 4.148093517869710922e-03 2.150319982320070267e-03 9.999016523361206055e-01 -1.390659902244806290e-02 -5.152641236782073975e-02 -8.543209731578826904e-02 1.403934974223375320e-02 9.962463974952697754e-01 -5.863099824637174606e-03 0.000000000000000000e+00 0.000000000000000000e+00 0.000000000000000000e+00 1.000000000000000000e+00
5.671000003814697515e-02 1.562348912975219717e+00 -2.761110906615591581e-02 9.969047904014587402e-01 -1.620562863536179066e-03 7.861790060997009277e-02 4.217238165438175201e-03 2.720703836530447006e-03 9.999004006385803223e-01 -1.389396563172340393e-02 -5.045308172702789307e-02 -7.858776301145553589e-02 1.406471151858568192e-02 9.968092441558837891e-01 -5.320911761373281479e-03 0.000000000000000000e+00 0.000000000000000000e+00 0.000000000000000000e+00 1.000000000000000000e+00
5.276000022888183844e-02 1.562732940804409054e+00 -1.380555453307795791e-02 9.978882074356079102e-01 -2.337785670533776283e-03 6.493396311998367310e-02 4.316745325922966003e-03 3.234169678762555122e-03 9.999014735221862793e-01 -1.370958145707845688e-02 -4.721121117472648621e-02 -6.489571928977966309e-02 1.389048993587493896e-02 9.977967143058776855e-01 -3.427451243624091148e-03 0.000000000000000000e+00 0.000000000000000000e+00 0.000000000000000000e+00 1.000000000000000000e+00
4.664000034332275307e-02 1.563116835475544031e+00 1.226966479964532522e-02 9.994140863418579102e-01 -2.731765387579798698e-03 3.415779769420623779e-02 5.038684699684381485e-03 3.191611031070351601e-03 9.999052882194519043e-01 -1.342788897454738617e-02 -4.039365053176879883e-02 -3.411811217665672302e-02 1.352889183908700943e-02 9.993275403976440430e-01 8.277039160020649433e-04 0.000000000000000000e+00 0.000000000000000000e+00 0.000000000000000000e+00 1.000000000000000000e+00
3.664000034332275807e-02 1.564652813634247241e+00 7.438593418473692098e-02 9.995861649513244629e-01 -3.976542502641677856e-03 -2.853872627019882202e-02 6.135370582342147827e-03 3.603965975344181061e-03 9.999085664749145508e-01 -1.307947002351284027e-02 -3.065615892410278320e-02 2.858785353600978851e-02 1.297105941921472549e-02 9.995085597038269043e-01 9.190116077661514282e-03 0.000000000000000000e+00 0.000000000000000000e+00 0.000000000000000000e+00 1.000000000000000000e+00
3.002000093460083230e-02 1.566188658634896091e+00 1.533969802346144551e-01 9.942629933357238770e-01 -5.848684348165988922e-03 -1.068159192800521851e-01 6.490597035735845566e-03 4.366840701550245285e-03 9.998915791511535645e-01 -1.409741956740617752e-02 -2.541481330990791321e-02 1.068864986300468445e-01 1.354994997382164001e-02 9.941803216934204102e-01 1.736296899616718292e-02 0.000000000000000000e+00 0.000000000000000000e+00 0.000000000000000000e+00 1.000000000000000000e+00
3.150000095367432029e-02 1.566188658634896091e+00 2.101551016242238223e-01 9.868695139884948730e-01 -5.900657735764980316e-03 -1.614196449518203735e-01 6.654980126768350601e-03 3.608327824622392654e-03 9.998889565467834473e-01 -1.448783185333013535e-02 -2.562241442501544952e-02 1.614869087934494019e-01 1.371500082314014435e-02 9.867808818817138672e-01 2.371371537446975708e-02 0.000000000000000000e+00 0.000000000000000000e+00 0.000000000000000000e+00 1.000000000000000000e+00
3.895999908447266014e-02 1.566572686464085429e+00 2.488839553291330164e-01 9.803035855293273926e-01 -5.609654821455478668e-03 -1.974229365587234497e-01 6.825973279774188995e-03 2.739609684795141220e-03 9.998869895935058594e-01 -1.480546407401561737e-02 -3.244040906429290771e-02 1.974833458662033081e-01 1.397284585982561111e-02 9.802078008651733398e-01 2.814634144306182861e-02 0.000000000000000000e+00 0.000000000000000000e+00 0.000000000000000000e+00 1.000000000000000000e+00
4.998000144958496260e-02 1.566188658634896091e+00 2.757271210890185897e-01 9.751778841018676758e-01 -5.952586419880390167e-03 -2.213476002216339111e-01 6.908457260578870773e-03 2.650693757459521294e-03 9.998811483383178711e-01 -1.520931906998157501e-02 -4.275427013635635376e-02 2.214114814996719360e-01 1.424492988735437393e-02 9.750773906707763672e-01 3.049909323453903198e-02 0.000000000000000000e+00 0.000000000000000000e+00 0.000000000000000000e+00 1.000000000000000000e+00
6.028999805450439842e-02 1.566188658634896091e+00 2.903006043642046841e-01 9.722273349761962891e-01 -6.683246698230504990e-03 -2.339477688074111938e-01 6.969419308006763458e-03 3.003083635121583939e-03 9.998664855957031250e-01 -1.608153991401195526e-02 -5.170632153749465942e-02 2.340236157178878784e-01 1.493220683187246323e-02 9.721171855926513672e-01 3.096378408372402191e-02 0.000000000000000000e+00 0.000000000000000000e+00 0.000000000000000000e+00 1.000000000000000000e+00
5.848999977111816323e-02 1.571162910918945999e+00 2.822371850842036456e-01 9.742683768272399902e-01 -1.244186609983444214e-02 -2.250521481037139893e-01 6.695511285215616226e-03 8.821056224405765533e-03 9.998154044151306152e-01 -1.708519272506237030e-02 -5.180918052792549133e-02 2.252227962017059326e-01 1.466022804379463196e-02 9.741979837417602539e-01 3.122913651168346405e-02 0.000000000000000000e+00 0.000000000000000000e+00 0.000000000000000000e+00 1.000000000000000000e+00
5.584000110626220759e-02 1.578458374409109188e+00 2.695835579940988325e-01 9.769705533981323242e-01 -2.120019868016242981e-02 -2.123234570026397705e-01 5.777583457529544830e-03 1.746819354593753815e-02 9.996587634086608887e-01 -1.943552121520042419e-02 -4.970654845237731934e-02 2.126626372337341309e-01 1.527888793498277664e-02 9.770072102546691895e-01 3.071054071187973022e-02 0.000000000000000000e+00 0.000000000000000000e+00 0.000000000000000000e+00 1.000000000000000000e+00
5.197000026702881109e-02 1.591879907354781576e+00 2.481159995392950568e-01 9.809918403625488281e-01 -3.565384447574615479e-02 -1.907501071691513062e-01 2.756823785603046417e-03 3.208644315600395203e-02 9.992483258247375488e-01 -2.175660058856010437e-02 -4.620475694537162781e-02 1.913820952177047729e-01 1.522242557257413864e-02 9.813981652259826660e-01 2.889259718358516693e-02 0.000000000000000000e+00 0.000000000000000000e+00 0.000000000000000000e+00 1.000000000000000000e+00
4.578000068664550559e-02 1.619107001075315466e+00 2.051634555693042650e-01 9.878261685371398926e-01 -6.961831450462341309e-02 -1.391217261552810669e-01 -5.095214582979679108e-03 6.652863323688507080e-02 9.974262714385986328e-01 -2.673906274139881134e-02 -3.795546293258666992e-02 1.406248509883880615e-01 1.715784519910812378e-02 9.899150133132934570e-01 2.178537100553512573e-02 0.000000000000000000e+00 0.000000000000000000e+00 0.000000000000000000e+00 1.000000000000000000e+00
3.575999975204467718e-02 1.682008735494114893e+00 1.019970390897036311e-01 9.900335669517517090e-01 -1.368597745895385742e-01 -3.324424475431442261e-02 -2.071085013449192047e-02 1.361205428838729858e-01 9.904122948646545410e-01 -2.356108091771602631e-02 -2.342981100082397461e-02 3.614975884556770325e-02 1.880093291401863098e-02 9.991703629493713379e-01 8.046692237257957458e-03 0.000000000000000000e+00 0.000000000000000000e+00 0.000000000000000000e+00 1.000000000000000000e+00
2.884999990463256794e-02 1.764841966985231103e+00 -3.143337981177311835e-02 9.721924662590026855e-01 -2.148247957229614258e-01 9.324374794960021973e-02 -3.966050595045089722e-02 2.154226750135421753e-01 9.765141010284423828e-01 3.718263469636440277e-03 -1.176929939538240433e-02 -9.185285121202468872e-02 1.647187210619449615e-02 9.956372976303100586e-01 -4.567863419651985168e-03 0.000000000000000000e+00 0.000000000000000000e+00 0.000000000000000000e+00 1.000000000000000000e+00
3.062000036239623940e-02 1.819680315413543248e+00 -1.207942375971065851e-01 9.474317431449890137e-01 -2.672879993915557861e-01 1.758763939142227173e-01 -5.396749451756477356e-02 2.656373083591461182e-01 9.634978175163269043e-01 3.330614790320396423e-02 -1.091039925813674927e-02 -1.783590763807296753e-01 1.516397483646869659e-02 9.838495254516601562e-01 -1.311680115759372711e-02 0.000000000000000000e+00 0.000000000000000000e+00 0.000000000000000000e+00 1.000000000000000000e+00
3.839999914169311274e-02 1.860712969908939307e+00 -1.879021436744420515e-01 9.234482049942016602e-01 -3.048891127109527588e-01 2.329981327056884766e-01 -6.457109749317169189e-02 2.993225753307342529e-01 9.522774219512939453e-01 5.978450924158096313e-02 -1.546461880207061768e-02 -2.401067018508911133e-01 1.453366037458181381e-02 9.706386327743530273e-01 -1.919629424810409546e-02 0.000000000000000000e+00 0.000000000000000000e+00 0.000000000000000000e+00 1.000000000000000000e+00
5.026999950408935630e-02 1.889859936459311385e+00 -2.327745604742709751e-01 9.052550792694091797e-01 -3.298650085926055908e-01 2.677768170833587646e-01 -7.138751447200775146e-02 3.204493820667266846e-01 9.439267516136169434e-01 7.946745306253433228e-02 -2.565568871796131134e-02 -2.789753973484039307e-01 1.387056242674589157e-02 9.601990580558776855e-01 -2.267641760408878326e-02 0.000000000000000000e+00 0.000000000000000000e+00 0.000000000000000000e+00 1.000000000000000000e+00
6.584000110626220259e-02 1.913631312349358460e+00 -2.691995800991798249e-01 8.891264200210571289e-01 -3.501122891902923584e-01 2.947505116462707520e-01 -7.707514613866806030e-02 3.368936777114868164e-01 9.366081357002258301e-01 9.627334773540496826e-02 -3.911073133349418640e-02 -3.097723424434661865e-01 1.370035018771886826e-02 9.507131576538085938e-01 -2.517400681972503662e-02 0.000000000000000000e+00 0.000000000000000000e+00 0.000000000000000000e+00 1.000000000000000000e+00
6.531000137329101562e-02 1.913631312349358460e+00 -2.684316409540986603e-01 8.897367715835571289e-01 -3.497906923294067383e-01 2.932870388031005859e-01 -7.771413773298263550e-02 3.366568088531494141e-01 9.367324113845825195e-01 9.589244425296783447e-02 -3.955894336104393005e-02 -3.082738220691680908e-01 1.341796480119228363e-02 9.512042999267578125e-01 -2.546228840947151184e-02 0.000000000000000000e+00 0.000000000000000000e+00 0.000000000000000000e+00 1.000000000000000000e+00
5.464000225067138644e-02 1.916319107679521183e+00 -2.508038115142143254e-01 8.930715918540954590e-01 -3.533496558666229248e-01 2.785129249095916748e-01 -7.803358137607574463e-02 3.416788280010223389e-01 9.353902935981750488e-01 9.111217409372329712e-02 -3.159882128238677979e-02 -2.927128076553344727e-01 1.379216555505990982e-02 9.561023712158203125e-01 -2.550680935382843018e-02 0.000000000000000000e+00 0.000000000000000000e+00 0.000000000000000000e+00 1.000000000000000000e+00
5.377999782562255943e-02 1.917471058009034612e+00 -2.488839553291330164e-01 8.934357166290283203e-01 -3.540579378604888916e-01 2.764376699924468994e-01 -7.818690687417984009e-02 3.426024615764617920e-01 9.351203441619873047e-01 9.041210263967514038e-02 -3.010359779000282288e-02 -2.905137240886688232e-01 1.393072679638862610e-02 9.567708373069763184e-01 -2.537972666323184967e-02 0.000000000000000000e+00 0.000000000000000000e+00 0.000000000000000000e+00 1.000000000000000000e+00
4.918000221252441517e-02 1.919774958668062359e+00 -2.358463336993524007e-01 8.972762823104858398e-01 -3.569098412990570068e-01 2.598323523998260498e-01 -7.836388796567916870e-02 3.469631969928741455e-01 9.340341687202453613e-01 8.483901619911193848e-02 -2.396078035235404968e-02 -2.729722261428833008e-01 1.402813475579023361e-02 9.619210958480834961e-01 -2.399387396872043610e-02 0.000000000000000000e+00 0.000000000000000000e+00 0.000000000000000000e+00 1.000000000000000000e+00
3.927999973297119363e-02 1.926668950623895871e+00 -1.967160583943842189e-01 9.051036834716796875e-01 -3.650183379650115967e-01 2.180622369050979614e-01 -7.844642549753189087e-02 3.581925332546234131e-01 9.309049248695373535e-01 7.151973247528076172e-02 -1.263087522238492966e-02 -2.291013002395629883e-01 1.337541919201612473e-02 9.733122587203979492e-01 -1.926791295409202576e-02 0.000000000000000000e+00 0.000000000000000000e+00 0.000000000000000000e+00 1.000000000000000000e+00
3.134999990463256669e-02 1.937018793568270780e+00 -1.388234886370499355e-01 9.115095734596252441e-01 -3.739079535007476807e-01 1.713051199913024902e-01 -7.878253608942031860e-02 3.703376054763793945e-01 9.273514747619628906e-01 5.357457324862480164e-02 -6.383999716490507126e-03 -1.788920760154724121e-01 1.460691168904304504e-02 9.837619662284851074e-01 -1.401953771710395813e-02 0.000000000000000000e+00 0.000000000000000000e+00 0.000000000000000000e+00 1.000000000000000000e+00
3.206000089645386075e-02 1.944314257058433970e+00 -9.854128796970318405e-02 9.146778583526611328e-01 -3.808337748050689697e-01 1.353976428508758545e-01 -7.918237149715423584e-02 3.790705800056457520e-01 9.245207905769348145e-01 3.959469869732856750e-02 -6.234530825167894363e-03 -1.402569860219955444e-01 1.510879024863243103e-02 9.900016784667968750e-01 -9.798701852560043335e-03 0.000000000000000000e+00 0.000000000000000000e+00 0.000000000000000000e+00 1.000000000000000000e+00
3.930999994277954018e-02 1.949672404013618854e+00 -7.131415263727705622e-02 9.164948463439941406e-01 -3.838516473770141602e-01 1.126832067966461182e-01 -7.938195765018463135e-02 3.829827904701232910e-01 9.232646822929382324e-01 3.012563288211822510e-02 -1.129904389381408691e-02 -1.156002357602119446e-01 1.554565317928791046e-02 9.931761026382446289e-01 -6.856260355561971664e-03 0.000000000000000000e+00 0.000000000000000000e+00 0.000000000000000000e+00 1.000000000000000000e+00
5.039000034332275640e-02 1.953512149673295228e+00 -5.138249327858160354e-02 9.168813228607177734e-01 -3.874726295471191406e-01 9.589720517396926880e-02 -7.955621182918548584e-02 3.870931565761566162e-01 9.217470288276672363e-01 2.328606694936752319e-02 -2.176379412412643433e-02 -9.741570800542831421e-02 1.577049680054187775e-02 9.951208233833312988e-01 -5.068921484053134918e-03 0.000000000000000000e+00 0.000000000000000000e+00 0.000000000000000000e+00 1.000000000000000000e+00
6.109000205993652538e-02 1.956199945003457508e+00 -4.064871821236890753e-02 9.165418744087219238e-01 -3.903667330741882324e-01 8.699097484350204468e-02 -7.979062199592590332e-02 3.902638554573059082e-01 9.205097556114196777e-01 1.888725720345973969e-02 -3.029790520668029785e-02 -8.744903653860092163e-02 1.663837581872940063e-02 9.960319995880126953e-01 -4.265243187546730042e-03 0.000000000000000000e+00 0.000000000000000000e+00 0.000000000000000000e+00 1.000000000000000000e+00
5.935999870300293080e-02 1.955432022503133416e+00 -3.604105005236831610e-02 9.175479412078857422e-01 -3.889537751674652100e-01 8.260392397642135620e-02 -7.991748303174972534e-02 3.889437913894653320e-01 9.211075305938720703e-01 1.686928980052471161e-02 -3.032928146421909332e-02 -8.264849334955215454e-02 1.664980873465538025e-02 9.964416027069091797e-01 -3.325490746647119522e-03 0.000000000000000000e+00 0.000000000000000000e+00 0.000000000000000000e+00 1.000000000000000000e+00
5.677999973297119529e-02 1.955432022503133416e+00 -2.874557199804303464e-02 9.174057245254516602e-01 -3.906070291996002197e-01 7.612944394350051880e-02 -8.005683124065399170e-02 3.907178044319152832e-01 9.204037785530090332e-01 1.404612697660923004e-02 -2.925551310181617737e-02 -7.555637508630752563e-02 1.685903966426849365e-02 9.970009922981262207e-01 -2.577611943706870079e-03 0.000000000000000000e+00 0.000000000000000000e+00 0.000000000000000000e+00 1.000000000000000000e+00
5.322999954223633229e-02 1.955815917174268170e+00 -1.647590823869500912e-02 9.182543754577636719e-01 -3.908665478229522705e-01 6.352279335260391235e-02 -8.016628026962280273e-02 3.911429643630981445e-01 9.202909469604492188e-01 8.532155305147171021e-03 -2.616179175674915314e-02 -6.179443001747131348e-02 1.701172254979610443e-02 9.979459047317504883e-01 -8.227874059230089188e-04 0.000000000000000000e+00 0.000000000000000000e+00 0.000000000000000000e+00 1.000000000000000000e+00
4.664000034332275307e-02 1.955815917174268170e+00 1.111774775964517736e-02 9.193596839904785156e-01 -3.919810354709625244e-01 3.363666310906410217e-02 -8.014425635337829590e-02 3.923277556896209717e-01 9.198164939880371094e-01 -4.157273564487695694e-03 -1.896554604172706604e-02 -2.931002154946327209e-02 1.701854169368743896e-02 9.994274377822875977e-01 2.931197872385382652e-03 0.000000000000000000e+00 0.000000000000000000e+00 0.000000000000000000e+00 1.000000000000000000e+00
3.447999954223632951e-02 1.956199945003457508e+00 9.318313269213986116e-02 9.197497963905334473e-01 -3.914873003959655762e-01 -2.829774841666221619e-02 -7.979457825422286987e-02 3.906686604022979736e-01 9.200279712677001953e-01 -3.045071102678775787e-02 -8.446877822279930115e-03 3.795578330755233765e-02 1.695190928876399994e-02 9.991376399993896484e-01 1.153466012328863144e-02 0.000000000000000000e+00 0.000000000000000000e+00 0.000000000000000000e+00 1.000000000000000000e+00
2.914999961853027496e-02 1.956967867503781822e+00 1.530130189844522981e-01 9.140905737876892090e-01 -3.928720355033874512e-01 -1.004625856876373291e-01 -7.974612712860107422e-02 3.883011043071746826e-01 9.194167852401733398e-01 -6.241675838828086853e-02 -3.125484101474285126e-03 1.168887913227081299e-01 1.804475113749504089e-02 9.929831027984619141e-01 1.987298205494880676e-02 0.000000000000000000e+00 0.000000000000000000e+00 0.000000000000000000e+00 1.000000000000000000e+00
3.042999982833862263e-02 1.958887740333620231e+00 2.090031845842236780e-01 9.068095684051513672e-01 -3.942744135856628418e-01 -1.491533219814300537e-01 -7.969789952039718628e-02 3.856439888477325439e-01 9.188010096549987793e-01 -8.416751772165298462e-02 -3.653205465525388718e-03 1.702273637056350708e-01 1.880374178290367126e-02 9.852274656295776367e-01 2.548567019402980804e-02 0.000000000000000000e+00 0.000000000000000000e+00 0.000000000000000000e+00 1.000000000000000000e+00
3.792000055313110574e-02 1.959271768162809568e+00 2.488839553291330164e-01 9.007554650306701660e-01 -3.945662677288055420e-01 -1.815478950738906860e-01 -7.951195538043975830e-02 3.824662268161773682e-01 9.186573028564453125e-01 -9.894065558910369873e-02 -1.009262353181838989e-02 2.058189958333969116e-01 1.968532241880893707e-02 9.783942699432373047e-01 2.906094305217266083e-02 0.000000000000000000e+00 0.000000000000000000e+00 0.000000000000000000e+00 1.000000000000000000e+00
4.960000038146972906e-02 1.959271768162809568e+00 2.780309551690188785e-01 8.955802917480468750e-01 -3.951029181480407715e-01 -2.045292407274246216e-01 -7.945419847965240479e-02 3.802785873413085938e-01 9.184227585792541504e-01 -1.090368926525115967e-01 -2.155308239161968231e-02 2.309251427650451660e-01 1.987314410507678986e-02 9.727707505226135254e-01 3.198591619729995728e-02 0.000000000000000000e+00 0.000000000000000000e+00 0.000000000000000000e+00 1.000000000000000000e+00
6.030000209808349804e-02 1.959271768162809568e+00 2.933723942340429880e-01 8.925950527191162109e-01 -3.963774442672729492e-01 -2.148526310920715332e-01 -8.070511370897293091e-02 3.799315392971038818e-01 9.178496599197387695e-01 -1.149140447378158569e-01 -3.171258419752120972e-02 2.427517622709274292e-01 2.094236016273498535e-02 9.698645472526550293e-01 3.252752870321273804e-02 0.000000000000000000e+00 0.000000000000000000e+00 0.000000000000000000e+00 1.000000000000000000e+00
5.855000019073486328e-02 1.964245887288805115e+00 2.849250137038797370e-01 8.924095034599304199e-01 -4.010340869426727295e-01 -2.068324089050292969e-01 -8.063402771949768066e-02 3.854339718818664551e-01 9.158263802528381348e-01 -1.127113029360771179e-01 -3.105098754167556763e-02 2.346236705780029297e-01 2.086433954536914825e-02 9.718644618988037109e-01 3.280252218246459961e-02 0.000000000000000000e+00 0.000000000000000000e+00 0.000000000000000000e+00 1.000000000000000000e+00
5.554999828338623435e-02 1.973461223608806048e+00 2.699675358890178400e-01 8.916941285133361816e-01 -4.087377786636352539e-01 -1.944687366485595703e-01 -8.178652822971343994e-02 3.943326771259307861e-01 9.124104380607604980e-01 -1.095920354127883911e-01 -3.007698804140090942e-02 2.222297042608261108e-01 2.103714458644390106e-02 9.747697114944458008e-01 3.268200159072875977e-02 0.000000000000000000e+00 0.000000000000000000e+00 0.000000000000000000e+00 1.000000000000000000e+00
5.131000041961669700e-02 1.988802629384316623e+00 2.450442263142136035e-01 8.896334767341613770e-01 -4.230996072292327881e-01 -1.718775629997253418e-01 -8.544456958770751953e-02 4.109257459640502930e-01 9.058425426483154297e-01 -1.029108986258506775e-01 -2.729542367160320282e-02 1.992356032133102417e-01 2.092402242124080658e-02 9.797303676605224609e-01 3.023854270577430725e-02 0.000000000000000000e+00 0.000000000000000000e+00 0.000000000000000000e+00 1.000000000000000000e+00
4.639999866485595981e-02 2.009886209944201418e+00 2.105216191692459993e-01 8.830979466438293457e-01 -4.521334469318389893e-01 -1.253649294376373291e-01 -9.487812966108322144e-02 4.437196552753448486e-01 8.916311860084533691e-01 -9.004294127225875854e-02 -2.188151702284812927e-02 1.524907201528549194e-01 2.388979308307170868e-02 9.880182147026062012e-01 2.325007691979408264e-02 0.000000000000000000e+00 0.000000000000000000e+00 0.000000000000000000e+00 1.000000000000000000e+00
3.638000011444091769e-02 2.071635994033487194e+00 1.112123837320832392e-01 8.570957779884338379e-01 -5.146331787109375000e-01 -2.328898385167121887e-02 -1.138570457696914673e-01 5.134055614471435547e-01 8.570311069488525391e-01 -4.374112933874130249e-02 -1.280307862907648087e-02 4.247004538774490356e-02 2.553359419107437134e-02 9.987733364105224609e-01 8.952489122748374939e-03 0.000000000000000000e+00 0.000000000000000000e+00 0.000000000000000000e+00 1.000000000000000000e+00
2.943000078201293834e-02 2.150629613022981612e+00 -2.031563309242524068e-02 8.142364025115966797e-01 -5.754795074462890625e-01 7.645416259765625000e-02 -1.328244954347610474e-01 5.754380822181701660e-01 8.174704313278198242e-01 2.478018589317798615e-02 -9.989998303353786469e-03 -7.675949484109878540e-02 2.381766214966773987e-02 9.967670440673828125e-01 -2.935891738161444664e-03 0.000000000000000000e+00 0.000000000000000000e+00 0.000000000000000000e+00 1.000000000000000000e+00
3.072000026702880957e-02 2.210075496453240085e+00 -1.161865694371059798e-01 7.710555195808410645e-01 -6.202558279037475586e-01 1.440797001123428345e-01 -1.482350975275039673e-01 6.146562695503234863e-01 7.840867638587951660e-01 8.606294542551040649e-02 -1.261964812874794006e-02 -1.663520038127899170e-01 2.220014110207557678e-02 9.858183264732360840e-01 -1.213507261127233505e-02 0.000000000000000000e+00 0.000000000000000000e+00 0.000000000000000000e+00 1.000000000000000000e+00
3.821000099182129267e-02 2.249956200619121827e+00 -1.829104976195224663e-01 7.366383075714111328e-01 -6.499180197715759277e-01 1.870124787092208862e-01 -1.587007939815521240e-01 6.365310549736022949e-01 7.597122192382812500e-01 1.329163759946823120e-01 -2.325517497956752777e-02 -2.284603714942932129e-01 2.112792991101741791e-02 9.733259081840515137e-01 -1.816601678729057312e-02 0.000000000000000000e+00 0.000000000000000000e+00 0.000000000000000000e+00 1.000000000000000000e+00
5.263999938964843833e-02 2.285630841317387585e+00 -2.385167019691316892e-01 7.107052803039550781e-01 -6.704345941543579102e-01 2.131168842315673828e-01 -1.655933558940887451e-01 6.495453715324401855e-01 7.417116761207580566e-01 1.672004312276840210e-01 -3.711783885955810547e-02 -2.701680958271026611e-01 1.959882117807865143e-02 9.626157283782958984e-01 -2.232456952333450317e-02 0.000000000000000000e+00 0.000000000000000000e+00 0.000000000000000000e+00 1.000000000000000000e+00
6.098999977111816545e-02 2.297900557091600682e+00 -2.580818312992373409e-01 6.976138949394226074e-01 -6.802623271942138672e-01 2.249026447534561157e-01 -1.688691079616546631e-01 6.551333665847778320e-01 7.327275276184082031e-01 1.841516196727752686e-01 -4.702519997954368591e-02 -2.900636494159698486e-01 1.887446828186511993e-02 9.568232893943786621e-01 -2.437762543559074402e-02 0.000000000000000000e+00 0.000000000000000000e+00 0.000000000000000000e+00 1.000000000000000000e+00
5.942999839782715094e-02 2.298668346433870191e+00 -2.546260801792369355e-01 6.976364254951477051e-01 -6.809745430946350098e-01 2.226658314466476440e-01 -1.693697422742843628e-01 6.563812494277954102e-01 7.320637106895446777e-01 1.823391318321228027e-01 -4.711464047431945801e-02 -2.871738076210021973e-01 1.894722692668437958e-02 9.576930999755859375e-01 -2.464782632887363434e-02 0.000000000000000000e+00 0.000000000000000000e+00 0.000000000000000000e+00 1.000000000000000000e+00
5.639999866485595481e-02 2.299820429921438425e+00 -2.488839553291330164e-01 6.978456377983093262e-01 -6.819549202919006348e-01 2.189791947603225708e-01 -1.698181927204132080e-01 6.581532955169677734e-01 7.311542630195617676e-01 1.795797199010848999e-01 -4.574052989482879639e-02 -2.825727760791778564e-01 1.880292408168315887e-02 9.590637683868408203e-01 -2.479100599884986877e-02 0.000000000000000000e+00 0.000000000000000000e+00 0.000000000000000000e+00 1.000000000000000000e+00
5.210999965667724443e-02 2.302490781546461029e+00 -2.392846411142128538e-01 6.985691189765930176e-01 -6.838465332984924316e-01 2.106124758720397949e-01 -1.701264977455139160e-01 6.618989109992980957e-01 7.293892502784729004e-01 1.728651076555252075e-01 -4.179474338889122009e-02 -2.718316018581390381e-01 1.864593103528022766e-02 9.621661901473999023e-01 -2.473930642008781433e-02 0.000000000000000000e+00 0.000000000000000000e+00 0.000000000000000000e+00 1.000000000000000000e+00
4.487999916076660517e-02 2.307482344377596473e+00 -2.178170826594090781e-01 6.996973156929016113e-01 -6.874443888664245605e-01 1.945404708385467529e-01 -1.703245937824249268e-01 6.689513921737670898e-01 7.260012030601501465e-01 1.594591587781906128e-01 -3.384695947170257568e-02 -2.508558928966522217e-01 1.856497116386890411e-02 9.678482413291931152e-01 -2.356433123350143433e-02 0.000000000000000000e+00 0.000000000000000000e+00 0.000000000000000000e+00 1.000000000000000000e+00
3.499000072479248324e-02 2.316680103834403148e+00 -1.729446825043369496e-01 7.015975117683410645e-01 -6.937532424926757812e-01 1.626956313848495483e-01 -1.709091067314147949e-01 6.811949014663696289e-01 7.199944853782653809e-01 1.325983703136444092e-01 -2.274681068956851959e-02 -2.091304361820220947e-01 1.779674552381038666e-02 9.777277708053588867e-01 -1.973007246851921082e-02 0.000000000000000000e+00 0.000000000000000000e+00 0.000000000000000000e+00 1.000000000000000000e+00
2.911999940872192494e-02 2.327047523641972759e+00 -1.238660191445664221e-01 7.013875246047973633e-01 -7.015932202339172363e-01 1.257983297109603882e-01 -1.718224138021469116e-01 6.949214935302734375e-01 7.123394012451171875e-01 9.827306121587753296e-02 -1.686607487499713898e-02 -1.585587710142135620e-01 1.849246397614479065e-02 9.871782660484313965e-01 -1.482870336621999741e-02 0.000000000000000000e+00 0.000000000000000000e+00 0.000000000000000000e+00 1.000000000000000000e+00
3.154999971389770702e-02 2.335477493756509482e+00 -8.819148663722027603e-02 6.993722319602966309e-01 -7.074778676033020020e-01 1.017675846815109253e-01 -1.724824011325836182e-01 7.036383748054504395e-01 7.064944505691528320e-01 7.589193433523178101e-02 -1.685505174100399017e-02 -1.255900114774703979e-01 1.853085309267044067e-02 9.919110536575317383e-01 -1.006682217121124268e-02 0.000000000000000000e+00 0.000000000000000000e+00 0.000000000000000000e+00 1.000000000000000000e+00
3.979000091552734736e-02 2.341237112246024044e+00 -6.326818538479445087e-02 6.979255676269531250e-01 -7.111617326736450195e-01 8.456985652446746826e-02 -1.726729273796081543e-01 7.090516686439514160e-01 7.027617692947387695e-01 5.807514116168022156e-02 -2.326725609600543976e-02 -1.007331907749176025e-01 1.943225413560867310e-02 9.947256445884704590e-01 -8.166557177901268005e-03 0.000000000000000000e+00 0.000000000000000000e+00 0.000000000000000000e+00 1.000000000000000000e+00
5.100999832153320368e-02 2.344675253213316157e+00 -4.677482511858101211e-02 6.964803934097290039e-01 -7.138593196868896484e-01 7.295823097229003906e-02 -1.728758364915847778e-01 7.126026153564453125e-01 7.000185847282409668e-01 4.660924896597862244e-02 -3.386806696653366089e-02 -8.434448391199111938e-02 1.952778175473213196e-02 9.962471723556518555e-01 -6.337646860629320145e-03 0.000000000000000000e+00 0.000000000000000000e+00 0.000000000000000000e+00 1.000000000000000000e+00
6.080999851226806530e-02 2.347363181701533019e+00 -3.680899335863867250e-02 6.951401829719543457e-01 -7.157924771308898926e-01 6.651505082845687866e-02 -1.730006337165832520e-01 7.150108218193054199e-01 6.980180740356445312e-01 3.913091123104095459e-02 -4.279681667685508728e-02 -7.443824410438537598e-02 2.035748958587646484e-02 9.970196485519409180e-01 -5.562329664826393127e-03 0.000000000000000000e+00 0.000000000000000000e+00 0.000000000000000000e+00 1.000000000000000000e+00
5.909999847412109736e-02 2.346979153872343904e+00 -3.258529685177326274e-02 6.950399279594421387e-01 -7.161477804183959961e-01 6.367936730384826660e-02 -1.731979846954345703e-01 7.155376672744750977e-01 6.976478695869445801e-01 3.597810491919517517e-02 -4.298885911703109741e-02 -7.019133120775222778e-02 2.055874653160572052e-02 9.973235726356506348e-01 -4.796995315700769424e-03 0.000000000000000000e+00 0.000000000000000000e+00 0.000000000000000000e+00 1.000000000000000000e+00
5.636000156402588140e-02 2.347363181701533019e+00 -2.453932959929065044e-02 6.948954463005065918e-01 -7.167914509773254395e-01 5.773745104670524597e-02 -1.733061373233795166e-01 7.164417505264282227e-01 6.969923377037048340e-01 3.023290634155273438e-02 -4.172725230455398560e-02 -6.191317364573478699e-02 2.035679668188095093e-02 9.978759884834289551e-01 -3.893269924446940422e-03 0.000000000000000000e+00 0.000000000000000000e+00 0.000000000000000000e+00 1.000000000000000000e+00
5.235000133514404463e-02 2.348130971043802973e+00 -1.034980237278021117e-02 6.953601837158203125e-01 -7.170553207397460938e-01 4.805259406566619873e-02 -1.733770966529846191e-01 7.170515656471252441e-01 6.967228055000305176e-01 2.037833817303180695e-02 -3.854722529649734497e-02 -4.809167236089706421e-02 2.028588950634002686e-02 9.986389279365539551e-01 -2.443061908707022667e-03 0.000000000000000000e+00 0.000000000000000000e+00 0.000000000000000000e+00 1.000000000000000000e+00
4.597000122070312583e-02 2.348899026702182091e+00 1.916371605242509282e-02 6.964805722236633301e-01 -7.170951366424560547e-01 2.631616033613681793e-02 -1.733391731977462769e-01 7.173638939857482910e-01 6.966983079910278320e-01 -1.197612262330949306e-03 -3.069092147052288055e-02 -1.747556030750274658e-02 1.971236057579517365e-02 9.996549487113952637e-01 1.769518945366144180e-03 0.000000000000000000e+00 0.000000000000000000e+00 0.000000000000000000e+00 1.000000000000000000e+00
3.563999891281127708e-02 2.350050843873641160e+00 8.435176594467926059e-02 6.956562399864196777e-01 -7.180421948432922363e-01 -2.192646637558937073e-02 -1.731163561344146729e-01 7.165494561195373535e-01 6.957390904426574707e-01 -5.004844442009925842e-02 -1.906732097268104553e-02 5.119204893708229065e-02 1.910510286688804626e-02 9.985080361366271973e-01 9.817737154662609100e-03 0.000000000000000000e+00 0.000000000000000000e+00 0.000000000000000000e+00 1.000000000000000000e+00
2.959000110626220856e-02 2.351586688874289788e+00 1.618269337043944656e-01 6.908380389213562012e-01 -7.191225290298461914e-01 -7.489076256752014160e-02 -1.729830950498580933e-01 7.116341590881347656e-01 6.946124434471130371e-01 -1.053141579031944275e-01 -1.320754457265138626e-02 1.277538836002349854e-01 1.946016959846019745e-02 9.916168451309204102e-01 1.838399097323417664e-02 0.000000000000000000e+00 0.000000000000000000e+00 0.000000000000000000e+00 1.000000000000000000e+00
3.174999952316284041e-02 2.351586688874289788e+00 2.166651656194089060e-01 6.863123178482055664e-01 -7.189365029335021973e-01 -1.100395768880844116e-01 -1.725878864526748657e-01 7.050293087959289551e-01 6.947907805442810059e-01 -1.421278566122055054e-01 -1.315122656524181366e-02 1.786353886127471924e-01 1.996295340359210968e-02 9.837146997451782227e-01 2.378729172050952911e-02 0.000000000000000000e+00 0.000000000000000000e+00 0.000000000000000000e+00 1.000000000000000000e+00
3.967000007629394726e-02 2.351586688874289788e+00 2.534741631392367633e-01 6.822431683540344238e-01 -7.185146212577819824e-01 -1.352176368236541748e-01 -1.723516732454299927e-01 6.986727118492126465e-01 6.952023506164550781e-01 -1.689708530902862549e-01 -1.938785985112190247e-02 2.154116630554199219e-01 2.080632746219635010e-02 9.763037562370300293e-01 2.786476351320743561e-02 0.000000000000000000e+00 0.000000000000000000e+00 0.000000000000000000e+00 1.000000000000000000e+00
5.136000156402587696e-02 2.351970716703479347e+00 2.803347892490191673e-01 6.783600449562072754e-01 -7.187212109565734863e-01 -1.525451838970184326e-01 -1.719552129507064819e-01 6.941637396812438965e-01 6.949740648269653320e-01 -1.874802112579345703e-01 -3.026017919182777405e-02 2.407609820365905762e-01 2.128774672746658325e-02 9.703527688980102539e-01 3.033534064888954163e-02 0.000000000000000000e+00 0.000000000000000000e+00 0.000000000000000000e+00 1.000000000000000000e+00
